[307,366,(27,)][308,371,(10,)][308,371,(10,)][308,371,(10,)][310,372,(29,)][311,372,(29,)][313,372,(29,)][312,368,(-45,)][320,370,(39,)][308,359,(9,)][310,360,(33,)][306,336,(-124,)][346,339,(91,)][287,296,(-161,)][335,300,(117,)][273,264,(-146,)][312,269,(103,)][269,253,(-164,)][308,263,(111,)][271,252,(-155,)][304,262,(90,)][272,255,(-142,)][305,263,(94,)][322,227,(-79,)][343,231,(78,)][320,168,(-76,)][326,174,(112,)][346,93,(-59,)][331,100,(141,)][357,84,(-58,)][336,90,(142,)][332,70,(-81,)][307,86,(128,)]
[312,323,(134,)][312,324,(117,)][311,324,(117,)][311,324,(117,)][315,324,(129,)][316,324,(129,)][317,324,(129,)][313,321,(43,)][321,321,(101,)][313,317,(109,)][315,317,(126,)][301,308,(-37,)][340,299,(107,)][275,296,(-127,)][334,283,(117,)][265,267,(-174,)][311,266,(110,)][263,259,(-195,)][306,263,(115,)][264,255,(-182,)][302,261,(99,)][265,257,(-170,)][303,262,(103,)][316,214,(-65,)][344,213,(65,)][316,167,(-43,)][329,168,(126,)][333,101,(-119,)][358,105,(64,)][342,92,(-126,)][365,98,(57,)][322,83,(-155,)][350,86,(41,)]
[313,311,(103,)][312,316,(87,)][311,315,(87,)][310,315,(87,)][315,316,(101,)][316,316,(101,)][317,316,(101,)][311,312,(18,)][321,313,(82,)][313,306,(79,)][316,306,(98,)][306,292,(-57,)][341,293,(100,)][283,268,(-109,)][344,258,(121,)][273,255,(-107,)][323,248,(145,)][268,253,(-116,)][319,248,(157,)][273,252,(-106,)][314,248,(145,)][275,253,(-103,)][315,248,(141,)][325,211,(-60,)][345,213,(60,)][312,166,(-47,)][326,167,(125,)][325,102,(-104,)][364,128,(71,)][331,93,(-108,)][371,129,(67,)][306,85,(-132,)][363,103,(57,)]
[315,311,(109,)][313,316,(93,)][311,316,(93,)][311,315,(93,)][316,316,(108,)][317,316,(108,)][318,316,(108,)][311,313,(30,)][321,314,(96,)][314,308,(88,)][317,307,(107,)][311,294,(-45,)][340,293,(108,)][298,263,(-149,)][344,259,(150,)][288,255,(-243,)][327,252,(190,)][286,252,(-264,)][325,251,(204,)][287,252,(-252,)][320,251,(193,)][288,253,(-241,)][320,251,(187,)][326,213,(-61,)][345,215,(61,)][308,166,(-52,)][323,168,(123,)][322,102,(-111,)][357,128,(76,)][328,93,(-117,)][363,128,(72,)][304,85,(-144,)][356,104,(57,)]
[314,312,(7,)][312,317,(-3,)][312,318,(-3,)][311,318,(-3,)][314,317,(12,)][314,317,(12,)][314,317,(12,)][314,317,(-23,)][318,316,(49,)][314,309,(1,)][317,309,(22,)][330,300,(-63,)][327,293,(101,)][312,271,(-179,)][315,267,(155,)][296,262,(-249,)][292,254,(170,)][291,259,(-270,)][287,252,(178,)][290,262,(-263,)][286,252,(162,)][292,262,(-247,)][288,253,(163,)][335,218,(-59,)][337,217,(59,)][308,171,(-76,)][316,168,(34,)][346,133,(-30,)][328,106,(34,)][355,132,(-23,)][335,95,(31,)][342,108,(-28,)][310,91,(0,)]
[314,319,(8,)][312,325,(0,)][312,325,(0,)][313,325,(0,)][312,324,(15,)][312,324,(15,)][312,324,(14,)][317,324,(-18,)][316,323,(53,)][314,316,(4,)][316,315,(25,)][335,305,(-66,)][323,298,(106,)][322,274,(-177,)][310,270,(140,)][299,278,(-210,)][294,260,(80,)][295,275,(-232,)][290,258,(77,)][291,279,(-226,)][290,262,(63,)][294,279,(-208,)][291,263,(72,)][338,227,(-60,)][333,223,(59,)][307,175,(-104,)][318,169,(64,)][332,118,(-103,)][332,107,(69,)][345,116,(-102,)][341,98,(67,)][309,96,(-129,)][317,90,(40,)]
[313,324,(-14,)][313,329,(-20,)][313,329,(-20,)][315,329,(-20,)][312,329,(-5,)][312,328,(-5,)][311,328,(-5,)][319,328,(-21,)][314,327,(43,)][315,320,(-12,)][315,319,(5,)][336,307,(-66,)][321,301,(104,)][324,283,(-169,)][309,270,(105,)][303,293,(-229,)][297,274,(30,)][297,294,(-251,)][293,273,(26,)][297,297,(-241,)][295,281,(16,)][299,297,(-226,)][296,281,(24,)][338,232,(-62,)][332,230,(62,)][308,179,(-98,)][316,171,(42,)][330,119,(-94,)][328,107,(44,)][339,115,(-95,)][333,97,(42,)][311,93,(-118,)][310,90,(5,)]
[313,325,(-40,)][314,330,(-45,)][315,329,(-45,)][316,330,(-45,)][312,330,(-31,)][312,330,(-31,)][311,330,(-31,)][322,329,(-33,)][314,328,(26,)][316,320,(-34,)][315,320,(-17,)][337,308,(-69,)][320,303,(99,)][322,286,(-143,)][305,275,(61,)][303,302,(-165,)][296,284,(-59,)][298,302,(-182,)][292,286,(-72,)][299,307,(-180,)][295,290,(-77,)][301,306,(-164,)][296,289,(-65,)][337,233,(-61,)][331,232,(61,)][309,179,(-89,)][317,170,(42,)][324,118,(-84,)][326,105,(41,)][330,110,(-85,)][331,92,(38,)][304,91,(-118,)][309,89,(0,)]
[315,326,(-58,)][316,331,(-62,)][317,330,(-62,)][319,330,(-62,)][313,330,(-49,)][313,330,(-49,)][312,330,(-49,)][324,331,(-51,)][315,329,(6,)][317,322,(-51,)][315,321,(-35,)][338,308,(-79,)][322,304,(76,)][320,288,(-164,)][308,274,(48,)][300,311,(-208,)][297,291,(-55,)][295,315,(-229,)][291,295,(-65,)][296,317,(-224,)][292,298,(-72,)][299,316,(-207,)][296,297,(-61,)][336,231,(-60,)][332,231,(60,)][309,177,(-88,)][321,168,(64,)][320,116,(-84,)][330,104,(86,)][326,104,(-86,)][336,91,(86,)][298,90,(-130,)][308,89,(44,)]
[317,326,(-57,)][318,331,(-62,)][320,331,(-62,)][321,331,(-62,)][316,331,(-47,)][315,331,(-47,)][314,331,(-47,)][326,331,(-58,)][317,330,(7,)][319,322,(-53,)][317,322,(-34,)][337,308,(-89,)][325,302,(73,)][317,293,(-184,)][305,275,(81,)][297,319,(-244,)][290,292,(23,)][292,326,(-268,)][285,297,(20,)][294,327,(-262,)][286,301,(10,)][296,324,(-243,)][289,299,(17,)][335,231,(-60,)][332,230,(61,)][310,173,(-85,)][322,166,(69,)][309,112,(-84,)][331,104,(97,)][320,96,(-86,)][337,91,(97,)][288,89,(-131,)][311,89,(63,)]
[318,323,(-30,)][319,328,(-39,)][320,328,(-39,)][321,328,(-39,)][318,328,(-23,)][317,328,(-23,)][317,328,(-23,)][325,329,(-57,)][321,328,(17,)][320,320,(-34,)][318,319,(-13,)][338,305,(-97,)][325,300,(70,)][315,299,(-193,)][307,280,(130,)][294,314,(-253,)][287,298,(148,)][290,322,(-276,)][282,302,(152,)][291,324,(-271,)][282,304,(140,)][292,322,(-252,)][283,301,(142,)][334,227,(-60,)][331,227,(60,)][310,167,(-68,)][322,164,(69,)][298,109,(-64,)][336,104,(93,)][302,95,(-66,)][343,91,(91,)][278,89,(-115,)][312,89,(62,)]
[318,321,(-38,)][319,326,(-46,)][320,326,(-46,)][321,327,(-46,)][318,326,(-30,)][318,326,(-30,)][318,326,(-30,)][325,327,(-56,)][322,326,(16,)][320,318,(-41,)][318,317,(-19,)][338,301,(-97,)][325,298,(74,)][314,299,(-205,)][303,281,(156,)][294,316,(-278,)][281,294,(193,)][288,321,(-304,)][276,297,(201,)][289,323,(-301,)][278,300,(190,)][292,320,(-279,)][280,299,(188,)][334,224,(-60,)][329,225,(60,)][310,164,(-67,)][321,162,(62,)][295,106,(-61,)][343,102,(77,)][297,94,(-62,)][349,90,(76,)][275,89,(-111,)][317,89,(41,)]
[318,316,(-26,)][319,321,(-34,)][320,321,(-34,)][320,321,(-34,)][318,320,(-18,)][318,321,(-18,)][318,321,(-18,)][325,322,(-49,)][322,321,(21,)][320,314,(-29,)][318,313,(-8,)][338,299,(-92,)][324,296,(77,)][313,296,(-189,)][300,281,(144,)][293,313,(-255,)][277,291,(158,)][286,320,(-278,)][271,293,(161,)][287,321,(-275,)][274,297,(150,)][290,319,(-255,)][276,296,(152,)][333,222,(-59,)][329,222,(59,)][309,162,(-68,)][321,160,(58,)][294,105,(-64,)][344,100,(66,)][296,94,(-65,)][349,89,(65,)][275,88,(-112,)][319,89,(31,)]
[318,314,(-32,)][319,319,(-37,)][319,320,(-37,)][320,320,(-37,)][318,319,(-22,)][318,319,(-22,)][318,319,(-22,)][324,320,(-49,)][321,320,(24,)][320,312,(-31,)][317,311,(-12,)][338,297,(-87,)][319,293,(78,)][315,291,(-185,)][295,276,(101,)][292,309,(-244,)][276,289,(42,)][284,315,(-267,)][270,293,(36,)][284,318,(-272,)][272,296,(29,)][287,315,(-246,)][275,295,(36,)][332,219,(-59,)][326,219,(59,)][303,163,(-69,)][321,157,(61,)][296,105,(-67,)][344,99,(67,)][299,94,(-68,)][350,89,(66,)][278,89,(-114,)][321,87,(37,)]
[315,317,(-38,)][317,322,(-45,)][318,322,(-45,)][319,322,(-45,)][316,321,(-29,)][316,321,(-29,)][316,322,(-29,)][323,322,(-50,)][320,321,(18,)][317,313,(-38,)][315,313,(-18,)][337,296,(-87,)][319,293,(78,)][321,278,(-169,)][295,271,(67,)][296,300,(-207,)][279,284,(-25,)][285,310,(-226,)][274,292,(-35,)][287,315,(-223,)][275,294,(-41,)][290,310,(-205,)][278,295,(-31,)][330,219,(-59,)][325,219,(59,)][301,164,(-70,)][320,157,(64,)][298,106,(-67,)][344,100,(79,)][301,96,(-69,)][350,89,(79,)][279,89,(-112,)][321,87,(49,)]
[314,316,(-34,)][316,321,(-41,)][317,322,(-41,)][317,322,(-41,)][315,321,(-26,)][315,321,(-26,)][314,321,(-26,)][322,322,(-47,)][318,321,(21,)][316,313,(-34,)][314,312,(-14,)][336,295,(-78,)][317,293,(79,)][324,266,(-140,)][299,265,(66,)][298,286,(-169,)][282,273,(-33,)][290,292,(-188,)][276,278,(-44,)][291,297,(-183,)][277,280,(-53,)][294,294,(-167,)][280,279,(-41,)][329,220,(-56,)][323,220,(56,)][302,164,(-68,)][316,159,(64,)][300,106,(-63,)][342,104,(82,)][302,96,(-65,)][350,94,(82,)][280,89,(-111,)][320,88,(51,)]
[311,315,(-34,)][312,321,(-40,)][313,321,(-40,)][314,322,(-40,)][311,320,(-24,)][311,320,(-24,)][311,321,(-24,)][318,321,(-44,)][315,320,(24,)][313,312,(-32,)][311,311,(-12,)][334,295,(-78,)][317,292,(86,)][329,259,(-140,)][311,259,(79,)][300,271,(-178,)][295,254,(25,)][292,272,(-198,)][290,252,(21,)][293,278,(-190,)][289,256,(11,)][296,276,(-174,)][291,257,(19,)][327,220,(-57,)][323,220,(57,)][301,165,(-64,)][309,162,(61,)][301,105,(-57,)][335,108,(75,)][305,94,(-58,)][342,102,(74,)][281,89,(-101,)][319,90,(46,)]
[310,315,(-31,)][312,320,(-37,)][313,321,(-38,)][313,321,(-38,)][311,320,(-22,)][311,320,(-22,)][311,320,(-22,)][317,320,(-44,)][313,320,(24,)][312,312,(-31,)][310,311,(-11,)][332,293,(-78,)][316,292,(86,)][338,253,(-125,)][315,256,(87,)][306,259,(-152,)][299,247,(32,)][297,257,(-171,)][293,244,(27,)][297,262,(-162,)][294,243,(14,)][300,263,(-148,)][296,244,(24,)][325,220,(-57,)][321,219,(57,)][300,165,(-65,)][305,164,(60,)][301,104,(-61,)][331,112,(75,)][305,93,(-62,)][338,106,(74,)][281,89,(-103,)][319,90,(46,)]
[309,313,(15,)][310,318,(5,)][311,318,(5,)][311,319,(5,)][310,318,(21,)][310,318,(21,)][310,318,(21,)][313,318,(-17,)][313,318,(53,)][310,310,(8,)][310,310,(29,)][328,292,(-60,)][317,290,(104,)][341,250,(-104,)][320,251,(110,)][314,251,(-119,)][308,234,(63,)][306,250,(-133,)][305,229,(61,)][305,255,(-122,)][304,232,(48,)][308,255,(-113,)][304,233,(55,)][323,219,(-57,)][322,219,(57,)][299,164,(-67,)][301,164,(52,)][303,103,(-62,)][325,113,(65,)][314,94,(-63,)][333,106,(64,)][284,88,(-99,)][315,91,(40,)]
[309,312,(22,)][310,317,(11,)][310,317,(11,)][309,317,(11,)][310,317,(27,)][310,317,(27,)][311,317,(27,)][311,316,(-15,)][313,316,(54,)][309,308,(14,)][309,308,(34,)][324,290,(-62,)][317,289,(102,)][341,249,(-108,)][324,251,(104,)][317,246,(-123,)][310,233,(47,)][309,241,(-138,)][308,231,(44,)][308,245,(-126,)][305,232,(30,)][311,246,(-117,)][307,234,(39,)][321,217,(-58,)][322,217,(58,)][296,164,(-67,)][299,165,(52,)][303,101,(-62,)][326,116,(68,)][314,91,(-62,)][333,108,(67,)][284,87,(-94,)][315,94,(42,)]
