[307,366,(27,)][308,371,(10,)][308,371,(10,)][308,371,(10,)][310,372,(29,)][311,372,(29,)][313,372,(29,)][312,368,(-45,)][320,370,(39,)][308,359,(9,)][310,360,(33,)][306,336,(-124,)][346,339,(91,)][287,296,(-161,)][335,300,(117,)][273,264,(-146,)][312,269,(103,)][269,253,(-164,)][308,263,(111,)][271,252,(-155,)][304,262,(90,)][272,255,(-142,)][305,263,(94,)][322,227,(-79,)][343,231,(78,)][320,168,(-76,)][326,174,(112,)][346,93,(-59,)][331,100,(141,)][357,84,(-58,)][336,90,(142,)][332,70,(-81,)][307,86,(128,)]
[312,323,(134,)][312,324,(117,)][311,324,(117,)][311,324,(117,)][315,324,(129,)][316,324,(129,)][317,324,(129,)][313,321,(43,)][321,321,(101,)][313,317,(109,)][315,317,(126,)][301,308,(-37,)][340,299,(107,)][275,296,(-127,)][334,283,(117,)][265,267,(-174,)][311,266,(110,)][263,259,(-195,)][306,263,(115,)][264,255,(-182,)][302,261,(99,)][265,257,(-170,)][303,262,(103,)][316,214,(-65,)][344,213,(65,)][316,167,(-43,)][329,168,(126,)][333,101,(-119,)][358,105,(64,)][342,92,(-126,)][365,98,(57,)][322,83,(-155,)][350,86,(41,)]
[313,311,(103,)][312,316,(87,)][311,315,(87,)][310,315,(87,)][315,316,(101,)][316,316,(101,)][317,316,(101,)][311,312,(18,)][321,313,(82,)][313,306,(79,)][316,306,(98,)][306,292,(-57,)][341,293,(100,)][283,268,(-109,)][344,258,(121,)][273,255,(-107,)][323,248,(145,)][268,253,(-116,)][319,248,(157,)][273,252,(-106,)][314,248,(145,)][275,253,(-103,)][315,248,(141,)][325,211,(-60,)][345,213,(60,)][312,166,(-47,)][326,167,(125,)][325,102,(-104,)][364,128,(71,)][331,93,(-108,)][371,129,(67,)][306,85,(-132,)][363,103,(57,)]
[315,311,(109,)][313,316,(93,)][311,316,(93,)][311,315,(93,)][316,316,(108,)][317,316,(108,)][318,316,(108,)][311,313,(30,)][321,314,(96,)][314,308,(88,)][317,307,(107,)][311,294,(-45,)][340,293,(108,)][298,263,(-149,)][344,259,(150,)][288,255,(-243,)][327,252,(190,)][286,252,(-264,)][325,251,(204,)][287,252,(-252,)][320,251,(193,)][288,253,(-241,)][320,251,(187,)][326,213,(-61,)][345,215,(61,)][308,166,(-52,)][323,168,(123,)][322,102,(-111,)][357,128,(76,)][328,93,(-117,)][363,128,(72,)][304,85,(-144,)][356,104,(57,)]
[314,312,(7,)][312,317,(-3,)][312,318,(-3,)][311,318,(-3,)][314,317,(12,)][314,317,(12,)][314,317,(12,)][314,317,(-23,)][318,316,(49,)][314,309,(1,)][317,309,(22,)][330,300,(-63,)][327,293,(101,)][312,271,(-179,)][315,267,(155,)][296,262,(-249,)][292,254,(170,)][291,259,(-270,)][287,252,(178,)][290,262,(-263,)][286,252,(162,)][292,262,(-247,)][288,253,(163,)][335,218,(-59,)][337,217,(59,)][308,171,(-76,)][316,168,(34,)][346,133,(-30,)][328,106,(34,)][355,132,(-23,)][335,95,(31,)][342,108,(-28,)][310,91,(0,)]
[314,319,(8,)][312,325,(0,)][312,325,(0,)][313,325,(0,)][312,324,(15,)][312,324,(15,)][312,324,(14,)][317,324,(-18,)][316,323,(53,)][314,316,(4,)][316,315,(25,)][335,305,(-66,)][323,298,(106,)][322,274,(-177,)][310,270,(140,)][299,278,(-210,)][294,260,(80,)][295,275,(-232,)][290,258,(77,)][291,279,(-226,)][290,262,(63,)][294,279,(-208,)][291,263,(72,)][338,227,(-60,)][333,223,(59,)][307,175,(-104,)][318,169,(64,)][332,118,(-103,)][332,107,(69,)][345,116,(-102,)][341,98,(67,)][309,96,(-129,)][317,90,(40,)]
[313,324,(-14,)][313,329,(-20,)][313,329,(-20,)][315,329,(-20,)][312,329,(-5,)][312,328,(-5,)][311,328,(-5,)][319,328,(-21,)][314,327,(43,)][315,320,(-12,)][315,319,(5,)][336,307,(-66,)][321,301,(104,)][324,283,(-169,)][309,270,(105,)][303,293,(-229,)][297,274,(30,)][297,294,(-251,)][293,273,(26,)][297,297,(-241,)][295,281,(16,)][299,297,(-226,)][296,281,(24,)][338,232,(-62,)][332,230,(62,)][308,179,(-98,)][316,171,(42,)][330,119,(-94,)][328,107,(44,)][339,115,(-95,)][333,97,(42,)][311,93,(-118,)][310,90,(5,)]
[313,325,(-40,)][314,330,(-45,)][315,329,(-45,)][316,330,(-45,)][312,330,(-31,)][312,330,(-31,)][311,330,(-31,)][322,329,(-33,)][314,328,(26,)][316,320,(-34,)][315,320,(-17,)][337,308,(-69,)][320,303,(99,)][322,286,(-143,)][305,275,(61,)][303,302,(-165,)][296,284,(-59,)][298,302,(-182,)][292,286,(-72,)][299,307,(-180,)][295,290,(-77,)][301,306,(-164,)][296,289,(-65,)][337,233,(-61,)][331,232,(61,)][309,179,(-89,)][317,170,(42,)][324,118,(-84,)][326,105,(41,)][330,110,(-85,)][331,92,(38,)][304,91,(-118,)][309,89,(0,)]
[315,326,(-58,)][316,331,(-62,)][317,330,(-62,)][319,330,(-62,)][313,330,(-49,)][313,330,(-49,)][312,330,(-49,)][324,331,(-51,)][315,329,(6,)][317,322,(-51,)][315,321,(-35,)][338,308,(-79,)][322,304,(76,)][320,288,(-164,)][308,274,(48,)][300,311,(-208,)][297,291,(-55,)][295,315,(-229,)][291,295,(-65,)][296,317,(-224,)][292,298,(-72,)][299,316,(-207,)][296,297,(-61,)][336,231,(-60,)][332,231,(60,)][309,177,(-88,)][321,168,(64,)][320,116,(-84,)][330,104,(86,)][326,104,(-86,)][336,91,(86,)][298,90,(-130,)][308,89,(44,)]
[317,326,(-57,)][318,331,(-62,)][320,331,(-62,)][321,331,(-62,)][316,331,(-47,)][315,331,(-47,)][314,331,(-47,)][326,331,(-58,)][317,330,(7,)][319,322,(-53,)][317,322,(-34,)][337,308,(-89,)][325,302,(73,)][317,293,(-184,)][305,275,(81,)][297,319,(-244,)][290,292,(23,)][292,326,(-268,)][285,297,(20,)][294,327,(-262,)][286,301,(10,)][296,324,(-243,)][289,299,(17,)][335,231,(-60,)][332,230,(61,)][310,173,(-85,)][322,166,(69,)][309,112,(-84,)][331,104,(97,)][320,96,(-86,)][337,91,(97,)][288,89,(-131,)][311,89,(63,)]
[318,323,(-30,)][319,328,(-39,)][320,328,(-39,)][321,328,(-39,)][318,328,(-23,)][317,328,(-23,)][317,328,(-23,)][325,329,(-57,)][321,328,(17,)][320,320,(-34,)][318,319,(-13,)][338,305,(-97,)][325,300,(70,)][315,299,(-193,)][307,280,(130,)][294,314,(-253,)][287,298,(148,)][290,322,(-276,)][282,302,(152,)][291,324,(-271,)][282,304,(140,)][292,322,(-252,)][283,301,(142,)][334,227,(-60,)][331,227,(60,)][310,167,(-68,)][322,164,(69,)][298,109,(-64,)][336,104,(93,)][302,95,(-66,)][343,91,(91,)][278,89,(-115,)][312,89,(62,)]
[318,321,(-38,)][319,326,(-46,)][320,326,(-46,)][321,327,(-46,)][318,326,(-30,)][318,326,(-30,)][318,326,(-30,)][325,327,(-56,)][322,326,(16,)][320,318,(-41,)][318,317,(-19,)][338,301,(-97,)][325,298,(74,)][314,299,(-205,)][303,281,(156,)][294,316,(-278,)][281,294,(193,)][288,321,(-304,)][276,297,(201,)][289,323,(-301,)][278,300,(190,)][292,320,(-279,)][280,299,(188,)][334,224,(-60,)][329,225,(60,)][310,164,(-67,)][321,162,(62,)][295,106,(-61,)][343,102,(77,)][297,94,(-62,)][349,90,(76,)][275,89,(-111,)][317,89,(41,)]
[318,316,(-26,)][319,321,(-34,)][320,321,(-34,)][320,321,(-34,)][318,320,(-18,)][318,321,(-18,)][318,321,(-18,)][325,322,(-49,)][322,321,(21,)][320,314,(-29,)][318,313,(-8,)][338,299,(-92,)][324,296,(77,)][313,296,(-189,)][300,281,(144,)][293,313,(-255,)][277,291,(158,)][286,320,(-278,)][271,293,(161,)][287,321,(-275,)][274,297,(150,)][290,319,(-255,)][276,296,(152,)][333,222,(-59,)][329,222,(59,)][309,162,(-68,)][321,160,(58,)][294,105,(-64,)][344,100,(66,)][296,94,(-65,)][349,89,(65,)][275,88,(-112,)][319,89,(31,)]
[318,314,(-32,)][319,319,(-37,)][319,320,(-37,)][320,320,(-37,)][318,319,(-22,)][318,319,(-22,)][318,319,(-22,)][324,320,(-49,)][321,320,(24,)][320,312,(-31,)][317,311,(-12,)][338,297,(-87,)][319,293,(78,)][315,291,(-185,)][295,276,(101,)][292,309,(-244,)][276,289,(42,)][284,315,(-267,)][270,293,(36,)][284,318,(-272,)][272,296,(29,)][287,315,(-246,)][275,295,(36,)][332,219,(-59,)][326,219,(59,)][303,163,(-69,)][321,157,(61,)][296,105,(-67,)][344,99,(67,)][299,94,(-68,)][350,89,(66,)][278,89,(-114,)][321,87,(37,)]
[315,317,(-38,)][317,322,(-45,)][318,322,(-45,)][319,322,(-45,)][316,321,(-29,)][316,321,(-29,)][316,322,(-29,)][323,322,(-50,)][320,321,(18,)][317,313,(-38,)][315,313,(-18,)][337,296,(-87,)][319,293,(78,)][321,278,(-169,)][295,271,(67,)][296,300,(-207,)][279,284,(-25,)][285,310,(-226,)][274,292,(-35,)][287,315,(-223,)][275,294,(-41,)][290,310,(-205,)][278,295,(-31,)][330,219,(-59,)][325,219,(59,)][301,164,(-70,)][320,157,(64,)][298,106,(-67,)][344,100,(79,)][301,96,(-69,)][350,89,(79,)][279,89,(-112,)][321,87,(49,)]
[314,316,(-34,)][316,321,(-41,)][317,322,(-41,)][317,322,(-41,)][315,321,(-26,)][315,321,(-26,)][314,321,(-26,)][322,322,(-47,)][318,321,(21,)][316,313,(-34,)][314,312,(-14,)][336,295,(-78,)][317,293,(79,)][324,266,(-140,)][299,265,(66,)][298,286,(-169,)][282,273,(-33,)][290,292,(-188,)][276,278,(-44,)][291,297,(-183,)][277,280,(-53,)][294,294,(-167,)][280,279,(-41,)][329,220,(-56,)][323,220,(56,)][302,164,(-68,)][316,159,(64,)][300,106,(-63,)][342,104,(82,)][302,96,(-65,)][350,94,(82,)][280,89,(-111,)][320,88,(51,)]
[311,315,(-34,)][312,321,(-40,)][313,321,(-40,)][314,322,(-40,)][311,320,(-24,)][311,320,(-24,)][311,321,(-24,)][318,321,(-44,)][315,320,(24,)][313,312,(-32,)][311,311,(-12,)][334,295,(-78,)][317,292,(86,)][329,259,(-140,)][311,259,(79,)][300,271,(-178,)][295,254,(25,)][292,272,(-198,)][290,252,(21,)][293,278,(-190,)][289,256,(11,)][296,276,(-174,)][291,257,(19,)][327,220,(-57,)][323,220,(57,)][301,165,(-64,)][309,162,(61,)][301,105,(-57,)][335,108,(75,)][305,94,(-58,)][342,102,(74,)][281,89,(-101,)][319,90,(46,)]
[310,315,(-31,)][312,320,(-37,)][313,321,(-38,)][313,321,(-38,)][311,320,(-22,)][311,320,(-22,)][311,320,(-22,)][317,320,(-44,)][313,320,(24,)][312,312,(-31,)][310,311,(-11,)][332,293,(-78,)][316,292,(86,)][338,253,(-125,)][315,256,(87,)][306,259,(-152,)][299,247,(32,)][297,257,(-171,)][293,244,(27,)][297,262,(-162,)][294,243,(14,)][300,263,(-148,)][296,244,(24,)][325,220,(-57,)][321,219,(57,)][300,165,(-65,)][305,164,(60,)][301,104,(-61,)][331,112,(75,)][305,93,(-62,)][338,106,(74,)][281,89,(-103,)][319,90,(46,)]
[309,313,(15,)][310,318,(5,)][311,318,(5,)][311,319,(5,)][310,318,(21,)][310,318,(21,)][310,318,(21,)][313,318,(-17,)][313,318,(53,)][310,310,(8,)][310,310,(29,)][328,292,(-60,)][317,290,(104,)][341,250,(-104,)][320,251,(110,)][314,251,(-119,)][308,234,(63,)][306,250,(-133,)][305,229,(61,)][305,255,(-122,)][304,232,(48,)][308,255,(-113,)][304,233,(55,)][323,219,(-57,)][322,219,(57,)][299,164,(-67,)][301,164,(52,)][303,103,(-62,)][325,113,(65,)][314,94,(-63,)][333,106,(64,)][284,88,(-99,)][315,91,(40,)]
[309,312,(22,)][310,317,(11,)][310,317,(11,)][309,317,(11,)][310,317,(27,)][310,317,(27,)][311,317,(27,)][311,316,(-15,)][313,316,(54,)][309,308,(14,)][309,308,(34,)][324,290,(-62,)][317,289,(102,)][341,249,(-108,)][324,251,(104,)][317,246,(-123,)][310,233,(47,)][309,241,(-138,)][308,231,(44,)][308,245,(-126,)][305,232,(30,)][311,246,(-117,)][307,234,(39,)][321,217,(-58,)][322,217,(58,)][296,164,(-67,)][299,165,(52,)][303,101,(-62,)][326,116,(68,)][314,91,(-62,)][333,108,(67,)][284,87,(-94,)][315,94,(42,)]
[309,312,(-23,)][310,317,(-29,)][310,317,(-29,)][310,317,(-29,)][310,316,(-15,)][310,317,(-15,)][310,317,(-15,)][312,316,(-32,)][312,316,(29,)][309,308,(-22,)][309,308,(-4,)][326,289,(-66,)][311,290,(89,)][345,251,(-112,)][320,253,(76,)][321,243,(-149,)][305,239,(-16,)][316,234,(-168,)][302,233,(-26,)][312,241,(-161,)][300,234,(-40,)][315,242,(-146,)][302,237,(-25,)][321,217,(-57,)][319,217,(57,)][295,164,(-70,)][298,165,(40,)][303,101,(-60,)][323,117,(70,)][312,90,(-61,)][333,113,(69,)][285,87,(-95,)][312,96,(43,)]
[309,312,(-9,)][310,316,(-17,)][310,316,(-17,)][310,317,(-17,)][310,316,(-3,)][310,316,(-3,)][310,317,(-3,)][311,316,(-28,)][312,316,(33,)][310,309,(-11,)][309,308,(6,)][325,290,(-64,)][312,290,(89,)][346,255,(-118,)][318,255,(76,)][324,247,(-158,)][303,239,(-5,)][319,240,(-176,)][299,233,(-12,)][317,243,(-170,)][299,235,(-25,)][319,244,(-156,)][301,236,(-13,)][321,217,(-57,)][319,217,(57,)][296,164,(-72,)][298,166,(40,)][304,100,(-67,)][322,118,(70,)][312,90,(-69,)][332,113,(70,)][285,87,(-113,)][309,99,(43,)]
[310,312,(-31,)][310,317,(-36,)][310,317,(-36,)][310,317,(-36,)][310,316,(-23,)][310,316,(-23,)][311,317,(-23,)][312,316,(-28,)][312,316,(27,)][310,309,(-27,)][310,308,(-10,)][325,290,(-57,)][310,290,(89,)][350,257,(-110,)][314,256,(84,)][327,250,(-160,)][302,239,(1,)][323,243,(-183,)][298,233,(-7,)][321,248,(-182,)][298,234,(-22,)][321,249,(-161,)][300,236,(-7,)][321,217,(-57,)][316,217,(57,)][297,163,(-80,)][299,167,(42,)][306,101,(-76,)][319,117,(74,)][312,90,(-78,)][327,111,(75,)][285,87,(-130,)][301,100,(43,)]
[312,311,(-52,)][312,316,(-54,)][312,316,(-54,)][312,316,(-54,)][311,316,(-42,)][311,316,(-42,)][311,316,(-42,)][314,316,(-35,)][312,315,(14,)][312,308,(-43,)][311,308,(-29,)][328,289,(-56,)][308,289,(81,)][349,258,(-94,)][309,256,(85,)][330,247,(-146,)][301,236,(13,)][327,238,(-167,)][298,230,(6,)][324,242,(-170,)][298,231,(-8,)][324,246,(-148,)][299,234,(5,)][319,217,(-54,)][313,218,(54,)][297,163,(-81,)][300,168,(44,)][305,102,(-76,)][320,117,(93,)][311,93,(-79,)][326,111,(94,)][285,87,(-136,)][305,100,(57,)]
[313,308,(-87,)][314,313,(-86,)][315,313,(-86,)][315,313,(-86,)][312,313,(-77,)][312,313,(-77,)][312,313,(-77,)][318,312,(-49,)][313,312,(-13,)][315,305,(-72,)][312,305,(-62,)][332,287,(-57,)][305,288,(60,)][353,259,(-87,)][306,255,(82,)][334,241,(-142,)][301,233,(9,)][327,236,(-163,)][299,226,(0,)][326,239,(-165,)][297,226,(-17,)][327,242,(-144,)][299,229,(0,)][319,217,(-48,)][309,217,(49,)][297,163,(-79,)][300,167,(45,)][303,104,(-67,)][319,116,(97,)][307,96,(-70,)][324,110,(97,)][286,87,(-128,)][306,99,(55,)]
[314,305,(-36,)][314,310,(-41,)][315,310,(-41,)][315,310,(-41,)][314,309,(-32,)][314,309,(-32,)][314,309,(-32,)][317,308,(-36,)][314,308,(-11,)][315,302,(-33,)][313,302,(-21,)][329,283,(-57,)][311,283,(68,)][347,257,(-98,)][313,254,(54,)][332,241,(-174,)][315,235,(-34,)][328,237,(-195,)][315,228,(-45,)][326,241,(-192,)][314,232,(-56,)][328,242,(-173,)][314,234,(-41,)][316,212,(-50,)][311,212,(50,)][298,163,(-59,)][301,166,(52,)][303,104,(-37,)][317,116,(92,)][309,97,(-37,)][322,109,(92,)][290,87,(-85,)][306,99,(54,)]
[314,302,(79,)][314,307,(63,)][314,307,(63,)][314,307,(62,)][315,307,(67,)][315,307,(67,)][316,307,(67,)][314,305,(10,)][317,305,(26,)][315,299,(62,)][315,299,(68,)][307,279,(-37,)][328,279,(36,)][328,251,(-82,)][337,253,(-1,)][329,242,(-115,)][327,237,(-70,)][329,240,(-130,)][324,229,(-80,)][329,242,(-125,)][322,233,(-87,)][330,243,(-115,)][322,235,(-76,)][314,207,(-42,)][312,208,(42,)][298,162,(-29,)][301,164,(63,)][308,105,(-8,)][312,115,(96,)][314,99,(-6,)][316,108,(98,)][297,87,(-30,)][304,99,(72,)]
[315,296,(-89,)][315,301,(-87,)][315,301,(-88,)][316,301,(-88,)][315,301,(-80,)][315,301,(-80,)][316,301,(-80,)][317,300,(-53,)][316,300,(-22,)][316,293,(-75,)][315,293,(-66,)][327,276,(-55,)][307,276,(43,)][354,252,(-90,)][309,249,(41,)][338,241,(-166,)][308,227,(-29,)][333,236,(-189,)][307,221,(-37,)][331,240,(-187,)][309,222,(-46,)][331,241,(-166,)][314,227,(-35,)][315,204,(-42,)][308,206,(42,)][298,160,(-47,)][300,161,(56,)][309,105,(-20,)][313,114,(99,)][315,99,(-19,)][317,106,(100,)][299,87,(-65,)][303,99,(69,)]
[315,293,(-96,)][315,298,(-93,)][316,298,(-93,)][317,299,(-93,)][314,298,(-86,)][314,298,(-86,)][314,298,(-86,)][319,299,(-51,)][313,298,(-20,)][316,290,(-79,)][314,290,(-70,)][333,275,(-55,)][303,275,(51,)][357,250,(-99,)][305,248,(53,)][338,238,(-177,)][307,226,(-18,)][333,233,(-201,)][306,220,(-27,)][331,239,(-200,)][308,222,(-41,)][332,240,(-178,)][311,225,(-25,)][316,205,(-44,)][307,205,(44,)][299,159,(-56,)][300,159,(47,)][312,105,(-33,)][313,111,(91,)][317,99,(-32,)][318,103,(91,)][302,86,(-78,)][301,96,(42,)]
[314,297,(-89,)][315,301,(-88,)][316,302,(-88,)][316,302,(-88,)][313,301,(-79,)][312,301,(-79,)][312,301,(-79,)][319,301,(-58,)][312,301,(-15,)][316,293,(-76,)][313,293,(-64,)][333,276,(-67,)][302,276,(56,)][358,249,(-114,)][304,247,(68,)][337,237,(-180,)][302,228,(-15,)][330,233,(-203,)][299,220,(-25,)][328,238,(-201,)][300,220,(-42,)][329,239,(-180,)][303,224,(-24,)][316,205,(-47,)][306,207,(47,)][300,158,(-76,)][300,158,(48,)][315,105,(-58,)][313,109,(84,)][320,99,(-58,)][319,100,(83,)][303,86,(-108,)][299,93,(38,)]
[312,299,(-63,)][314,303,(-65,)][315,303,(-65,)][316,304,(-65,)][312,303,(-56,)][311,303,(-56,)][310,303,(-56,)][319,303,(-41,)][311,303,(6,)][315,295,(-56,)][312,295,(-44,)][334,278,(-47,)][304,278,(77,)][356,248,(-102,)][305,247,(73,)][334,240,(-173,)][300,230,(-26,)][329,236,(-195,)][298,223,(-40,)][327,241,(-192,)][299,224,(-55,)][328,242,(-172,)][301,227,(-35,)][318,207,(-48,)][307,207,(48,)][301,159,(-73,)][301,158,(30,)][313,105,(-41,)][314,109,(68,)][319,98,(-41,)][319,101,(69,)][300,87,(-92,)][300,93,(29,)]
[311,301,(-72,)][313,306,(-73,)][314,307,(-73,)][315,307,(-73,)][311,306,(-62,)][310,306,(-62,)][309,306,(-62,)][318,306,(-46,)][310,304,(3,)][314,298,(-61,)][311,297,(-47,)][334,280,(-51,)][305,279,(73,)][356,248,(-107,)][306,248,(79,)][331,244,(-186,)][300,228,(-15,)][323,243,(-210,)][298,221,(-32,)][322,249,(-205,)][298,223,(-52,)][324,249,(-184,)][300,225,(-25,)][321,209,(-48,)][308,211,(48,)][301,159,(-59,)][301,160,(36,)][312,105,(-21,)][314,110,(78,)][318,98,(-20,)][320,103,(81,)][299,88,(-74,)][305,93,(31,)]
[310,304,(-65,)][311,309,(-68,)][311,309,(-68,)][312,310,(-68,)][309,309,(-56,)][308,309,(-56,)][308,309,(-56,)][316,309,(-49,)][309,308,(5,)][312,301,(-57,)][310,300,(-41,)][334,285,(-57,)][308,284,(79,)][354,249,(-125,)][314,249,(78,)][323,255,(-194,)][301,243,(-22,)][313,256,(-217,)][299,242,(-36,)][313,260,(-209,)][299,245,(-51,)][316,260,(-191,)][300,247,(-31,)][322,212,(-49,)][310,213,(49,)][301,160,(-64,)][299,163,(27,)][312,109,(-21,)][315,118,(79,)][318,104,(-19,)][320,114,(82,)][299,90,(-66,)][308,99,(42,)]
[308,308,(-55,)][309,314,(-64,)][309,314,(-64,)][310,315,(-64,)][308,314,(-46,)][307,314,(-46,)][307,314,(-46,)][314,315,(-50,)][309,313,(12,)][310,305,(-53,)][309,304,(-31,)][333,290,(-65,)][312,288,(78,)][350,255,(-132,)][317,252,(59,)][318,266,(-186,)][302,257,(-51,)][309,267,(-206,)][299,258,(-66,)][310,271,(-201,)][299,262,(-74,)][312,271,(-182,)][300,263,(-59,)][324,215,(-49,)][313,215,(49,)][301,163,(-72,)][295,168,(20,)][310,109,(-35,)][315,127,(86,)][313,102,(-34,)][322,126,(92,)][298,93,(-83,)][310,109,(69,)]
[308,315,(-71,)][309,320,(-73,)][310,321,(-73,)][311,321,(-73,)][307,319,(-59,)][307,319,(-59,)][306,319,(-59,)][314,320,(-51,)][309,318,(11,)][310,312,(-62,)][308,311,(-44,)][334,295,(-65,)][312,290,(78,)][343,262,(-135,)][316,255,(71,)][314,275,(-198,)][302,266,(-29,)][306,275,(-218,)][299,268,(-47,)][306,279,(-213,)][299,272,(-45,)][309,279,(-195,)][301,272,(-33,)][326,217,(-50,)][315,218,(50,)][304,164,(-71,)][290,174,(16,)][308,107,(-38,)][317,134,(104,)][309,98,(-38,)][325,138,(112,)][296,92,(-98,)][311,113,(91,)]
[308,313,(-66,)][309,318,(-68,)][310,319,(-68,)][311,320,(-68,)][308,318,(-55,)][307,318,(-55,)][307,318,(-55,)][315,320,(-39,)][308,317,(13,)][310,310,(-57,)][308,309,(-41,)][335,298,(-57,)][311,292,(77,)][330,275,(-140,)][315,264,(74,)][313,290,(-199,)][305,275,(19,)][307,296,(-217,)][303,278,(11,)][307,297,(-214,)][303,281,(9,)][309,296,(-198,)][306,280,(15,)][330,220,(-49,)][317,221,(49,)][308,165,(-84,)][285,187,(3,)][308,107,(-71,)][322,157,(97,)][309,98,(-72,)][325,155,(103,)][295,92,(-133,)][319,138,(88,)]
[310,316,(-92,)][311,322,(-88,)][312,323,(-89,)][313,324,(-89,)][308,321,(-79,)][307,321,(-79,)][307,321,(-79,)][317,324,(-48,)][308,321,(-6,)][313,313,(-76,)][309,312,(-64,)][336,302,(-59,)][309,296,(54,)][327,281,(-154,)][312,267,(28,)][312,306,(-231,)][304,284,(-55,)][308,311,(-249,)][303,291,(-68,)][308,313,(-247,)][303,293,(-66,)][310,310,(-232,)][306,291,(-58,)][332,224,(-45,)][317,225,(46,)][312,166,(-71,)][283,193,(12,)][309,107,(-59,)][318,163,(128,)][310,98,(-61,)][324,161,(139,)][294,92,(-126,)][319,144,(129,)]
[310,321,(-90,)][311,328,(-89,)][313,329,(-89,)][314,329,(-89,)][308,327,(-79,)][308,327,(-79,)][307,327,(-79,)][318,330,(-55,)][308,326,(-8,)][313,319,(-77,)][309,317,(-63,)][336,307,(-71,)][309,301,(53,)][327,289,(-173,)][311,273,(41,)][310,316,(-252,)][303,294,(-35,)][307,321,(-271,)][302,300,(-47,)][307,324,(-269,)][303,303,(-50,)][309,321,(-252,)][305,300,(-43,)][333,227,(-46,)][318,228,(46,)][315,168,(-72,)][281,198,(27,)][311,107,(-75,)][315,163,(146,)][312,98,(-78,)][320,161,(156,)][295,92,(-141,)][315,139,(148,)]
[311,325,(-98,)][313,332,(-98,)][314,332,(-98,)][315,333,(-98,)][310,331,(-88,)][309,331,(-88,)][308,331,(-88,)][319,334,(-64,)][309,330,(-17,)][314,322,(-84,)][310,321,(-70,)][337,311,(-74,)][309,306,(49,)][325,289,(-158,)][310,273,(28,)][310,317,(-220,)][303,299,(-57,)][306,324,(-241,)][302,306,(-70,)][308,326,(-237,)][303,308,(-71,)][309,321,(-219,)][305,307,(-61,)][333,229,(-46,)][319,230,(46,)][317,172,(-70,)][282,198,(6,)][315,110,(-71,)][309,153,(90,)][316,101,(-70,)][314,148,(96,)][297,93,(-125,)][300,130,(64,)]
[314,328,(-107,)][316,335,(-104,)][318,335,(-104,)][319,335,(-105,)][313,334,(-94,)][312,334,(-94,)][311,334,(-94,)][322,335,(-66,)][312,333,(-18,)][317,326,(-91,)][313,325,(-78,)][338,310,(-88,)][312,306,(52,)][325,292,(-193,)][308,281,(32,)][306,317,(-266,)][301,304,(-53,)][303,320,(-288,)][299,309,(-65,)][304,323,(-285,)][301,311,(-69,)][305,320,(-267,)][302,309,(-58,)][332,229,(-50,)][319,230,(51,)][319,170,(-75,)][282,195,(11,)][322,109,(-62,)][301,144,(81,)][332,97,(-63,)][308,134,(85,)][301,93,(-130,)][286,118,(44,)]
[316,328,(-49,)][318,333,(-54,)][319,333,(-54,)][320,334,(-54,)][316,332,(-40,)][315,332,(-40,)][315,332,(-40,)][325,333,(-51,)][317,331,(14,)][318,324,(-46,)][315,323,(-27,)][340,310,(-82,)][317,303,(79,)][323,308,(-166,)][305,283,(125,)][301,324,(-186,)][295,307,(117,)][297,326,(-201,)][291,311,(114,)][298,327,(-203,)][293,312,(108,)][299,326,(-187,)][295,311,(112,)][331,230,(-53,)][319,230,(53,)][321,169,(-76,)][284,190,(1,)][325,109,(-63,)][298,128,(31,)][330,98,(-64,)][305,118,(31,)][306,93,(-126,)][276,108,(-4,)]
[317,328,(-44,)][321,334,(-49,)][322,334,(-49,)][323,334,(-49,)][318,334,(-34,)][317,334,(-34,)][317,334,(-34,)][328,333,(-48,)][319,332,(19,)][319,324,(-43,)][316,324,(-24,)][340,308,(-91,)][319,302,(82,)][314,314,(-165,)][303,286,(101,)][296,329,(-171,)][292,308,(62,)][294,331,(-186,)][288,312,(55,)][294,339,(-188,)][290,314,(50,)][296,336,(-171,)][292,313,(57,)][330,228,(-56,)][319,228,(56,)][319,169,(-76,)][289,184,(17,)][327,109,(-61,)][298,117,(44,)][330,98,(-62,)][305,107,(43,)][305,92,(-122,)][273,99,(2,)]
[317,326,(-31,)][321,331,(-37,)][322,332,(-37,)][323,332,(-37,)][318,331,(-21,)][318,331,(-21,)][318,331,(-21,)][328,331,(-41,)][320,330,(31,)][319,322,(-31,)][316,322,(-11,)][341,307,(-89,)][320,301,(90,)][310,312,(-160,)][301,283,(88,)][296,328,(-145,)][289,308,(-14,)][292,332,(-158,)][285,311,(-26,)][292,337,(-158,)][287,313,(-28,)][294,329,(-144,)][289,312,(-19,)][329,228,(-58,)][320,227,(58,)][317,169,(-76,)][297,176,(37,)][326,107,(-65,)][298,113,(50,)][338,99,(-66,)][308,100,(48,)][301,91,(-122,)][276,95,(10,)]
[319,325,(-34,)][322,330,(-40,)][323,331,(-40,)][324,331,(-40,)][321,330,(-25,)][320,330,(-25,)][320,330,(-25,)][328,330,(-43,)][323,329,(23,)][321,321,(-35,)][318,320,(-15,)][340,306,(-90,)][326,300,(88,)][308,307,(-164,)][302,280,(163,)][294,324,(-172,)][289,302,(192,)][288,333,(-188,)][284,306,(198,)][290,334,(-187,)][285,308,(189,)][292,324,(-171,)][287,307,(188,)][328,225,(-61,)][321,224,(61,)][313,167,(-76,)][307,168,(55,)][324,105,(-64,)][306,107,(61,)][333,95,(-64,)][311,95,(61,)][290,91,(-103,)][282,93,(28,)]
[319,323,(-20,)][321,329,(-29,)][322,329,(-29,)][323,329,(-29,)][320,329,(-13,)][320,329,(-13,)][320,329,(-13,)][327,328,(-44,)][323,328,(26,)][320,319,(-24,)][319,319,(-3,)][340,305,(-90,)][331,298,(87,)][306,301,(-157,)][306,275,(163,)][291,318,(-149,)][290,299,(199,)][286,324,(-161,)][286,301,(207,)][288,327,(-161,)][286,304,(199,)][290,319,(-149,)][288,303,(196,)][327,221,(-61,)][325,220,(61,)][306,167,(-72,)][315,163,(63,)][309,104,(-56,)][317,104,(64,)][327,95,(-54,)][325,88,(65,)][285,90,(-83,)][287,89,(42,)]
[319,321,(-32,)][321,327,(-39,)][322,327,(-39,)][322,328,(-39,)][320,327,(-24,)][319,327,(-24,)][319,327,(-24,)][327,327,(-48,)][323,326,(22,)][320,317,(-33,)][318,317,(-12,)][339,302,(-91,)][328,295,(84,)][311,288,(-175,)][312,268,(128,)][292,308,(-221,)][291,281,(113,)][287,306,(-240,)][287,279,(112,)][287,309,(-238,)][287,282,(105,)][290,308,(-220,)][288,286,(108,)][328,220,(-62,)][325,219,(62,)][307,165,(-73,)][312,163,(57,)][309,102,(-57,)][317,103,(65,)][320,93,(-56,)][327,88,(65,)][284,88,(-95,)][290,89,(35,)]
[317,320,(-26,)][319,326,(-33,)][320,326,(-33,)][321,326,(-33,)][318,326,(-18,)][318,326,(-18,)][318,326,(-18,)][326,326,(-39,)][322,325,(28,)][319,316,(-26,)][318,316,(-7,)][339,302,(-88,)][326,293,(90,)][319,280,(-170,)][315,262,(111,)][294,298,(-204,)][292,274,(44,)][288,297,(-222,)][287,275,(39,)][288,301,(-220,)][288,278,(30,)][291,301,(-203,)][290,278,(38,)][329,221,(-62,)][326,219,(62,)][306,165,(-73,)][314,164,(65,)][309,102,(-67,)][321,107,(72,)][319,92,(-67,)][327,94,(69,)][285,86,(-101,)][300,91,(43,)]
[314,319,(9,)][315,324,(-2,)][316,324,(-2,)][316,325,(-2,)][315,324,(15,)][315,324,(15,)][316,324,(15,)][321,324,(-27,)][321,323,(51,)][317,316,(1,)][316,315,(24,)][338,301,(-84,)][328,293,(104,)][320,274,(-135,)][322,260,(94,)][293,281,(-127,)][295,264,(6,)][286,279,(-141,)][289,265,(0,)][287,282,(-135,)][289,267,(-9,)][290,282,(-123,)][291,267,(0,)][329,220,(-63,)][329,219,(63,)][305,165,(-70,)][314,164,(69,)][310,100,(-64,)][323,108,(78,)][319,89,(-65,)][327,95,(76,)][286,84,(-93,)][302,89,(54,)]
[313,316,(65,)][313,321,(52,)][313,321,(52,)][313,321,(52,)][314,320,(69,)][314,320,(69,)][315,320,(69,)][316,321,(13,)][320,320,(91,)][315,313,(53,)][316,312,(75,)][334,301,(-57,)][329,293,(133,)][322,269,(-134,)][324,259,(166,)][295,267,(-135,)][305,246,(149,)][288,265,(-162,)][300,242,(154,)][288,268,(-160,)][298,245,(138,)][292,268,(-144,)][299,246,(142,)][330,220,(-65,)][330,219,(65,)][305,165,(-76,)][314,164,(67,)][313,97,(-88,)][324,104,(68,)][324,87,(-89,)][330,91,(65,)][287,83,(-122,)][301,87,(42,)]
[310,313,(57,)][310,318,(45,)][310,318,(45,)][310,318,(45,)][311,318,(62,)][312,318,(62,)][312,318,(62,)][313,318,(11,)][317,318,(88,)][312,310,(47,)][313,309,(69,)][333,300,(-55,)][328,293,(133,)][327,264,(-133,)][325,257,(155,)][302,255,(-145,)][310,241,(120,)][296,252,(-174,)][307,235,(120,)][295,254,(-171,)][305,238,(106,)][297,255,(-158,)][306,240,(113,)][331,219,(-65,)][330,218,(65,)][305,165,(-80,)][312,165,(45,)][317,98,(-81,)][326,102,(43,)][328,88,(-82,)][335,93,(41,)][288,84,(-118,)][305,86,(13,)]
[310,310,(85,)][310,315,(73,)][309,315,(73,)][309,316,(73,)][310,315,(90,)][311,316,(90,)][312,316,(90,)][312,316,(36,)][316,317,(111,)][312,308,(73,)][313,307,(95,)][331,299,(-34,)][328,293,(147,)][331,263,(-117,)][334,256,(151,)][311,250,(-160,)][326,237,(108,)][304,246,(-181,)][323,230,(105,)][304,248,(-173,)][321,232,(93,)][306,249,(-159,)][321,235,(100,)][331,220,(-64,)][333,218,(64,)][303,166,(-82,)][314,166,(36,)][309,98,(-86,)][341,110,(30,)][315,89,(-87,)][347,106,(28,)][287,84,(-121,)][334,87,(2,)]
[309,310,(40,)][309,315,(30,)][309,315,(30,)][309,316,(31,)][309,315,(45,)][310,315,(45,)][310,315,(45,)][313,317,(7,)][314,316,(76,)][312,307,(33,)][312,306,(52,)][331,299,(-51,)][328,293,(126,)][344,266,(-127,)][335,255,(140,)][318,251,(-165,)][332,232,(75,)][311,246,(-186,)][330,226,(69,)][309,248,(-176,)][327,227,(54,)][311,249,(-161,)][328,231,(66,)][336,221,(-58,)][332,219,(58,)][313,166,(-92,)][311,168,(10,)][346,113,(-63,)][312,106,(20,)][353,108,(-60,)][316,95,(18,)][340,84,(-98,)][294,87,(-22,)]
[308,310,(15,)][308,315,(3,)][309,316,(3,)][309,316,(3,)][308,315,(23,)][308,315,(23,)][309,315,(23,)][313,317,(-23,)][314,317,(70,)][312,307,(6,)][312,307,(33,)][331,300,(-77,)][328,294,(120,)][352,269,(-143,)][339,256,(141,)][325,252,(-169,)][333,234,(100,)][318,245,(-188,)][331,226,(98,)][315,248,(-179,)][329,227,(80,)][318,249,(-164,)][330,231,(90,)][339,222,(-58,)][332,219,(58,)][326,165,(-97,)][309,169,(9,)][362,113,(-57,)][307,104,(5,)][368,109,(-53,)][312,92,(1,)][350,85,(-87,)][283,88,(-37,)]
[308,310,(5,)][308,316,(-6,)][309,316,(-7,)][309,317,(-7,)][308,315,(13,)][308,316,(13,)][309,316,(13,)][313,318,(-32,)][314,318,(64,)][312,308,(-2,)][312,307,(24,)][332,301,(-82,)][329,297,(117,)][357,275,(-146,)][340,264,(148,)][334,252,(-167,)][334,243,(120,)][331,244,(-185,)][331,237,(121,)][328,246,(-177,)][330,238,(104,)][328,248,(-162,)][330,241,(111,)][340,223,(-58,)][333,220,(58,)][333,165,(-99,)][308,169,(16,)][372,114,(-60,)][306,104,(11,)][380,110,(-58,)][311,90,(7,)][364,85,(-95,)][281,88,(-33,)]
[308,312,(4,)][308,317,(-7,)][309,318,(-7,)][309,319,(-7,)][308,317,(13,)][308,317,(13,)][309,317,(13,)][314,320,(-32,)][314,319,(62,)][312,310,(-2,)][312,309,(24,)][333,302,(-80,)][330,297,(121,)][358,280,(-150,)][342,267,(157,)][340,254,(-176,)][335,245,(130,)][337,246,(-195,)][332,238,(131,)][335,246,(-188,)][330,239,(113,)][335,248,(-172,)][331,243,(121,)][342,223,(-58,)][335,220,(58,)][340,163,(-97,)][309,168,(21,)][380,114,(-61,)][307,103,(18,)][389,110,(-60,)][311,89,(15,)][372,85,(-101,)][281,88,(-28,)]
[313,313,(8,)][313,318,(-5,)][314,318,(-5,)][314,319,(-5,)][313,317,(16,)][313,317,(16,)][314,317,(16,)][319,320,(-29,)][319,319,(63,)][316,310,(-1,)][316,309,(27,)][336,302,(-84,)][333,297,(123,)][360,284,(-155,)][347,270,(167,)][342,257,(-175,)][340,247,(163,)][340,248,(-192,)][337,241,(167,)][337,248,(-186,)][335,242,(151,)][337,250,(-171,)][335,245,(154,)][345,223,(-59,)][337,220,(59,)][351,161,(-96,)][309,168,(22,)][387,113,(-61,)][307,104,(26,)][396,108,(-59,)][311,90,(23,)][377,85,(-104,)][283,88,(-17,)]
[317,312,(9,)][317,317,(-4,)][317,317,(-5,)][318,318,(-5,)][317,317,(16,)][318,317,(16,)][318,317,(16,)][322,318,(-32,)][323,318,(62,)][320,309,(0,)][320,309,(27,)][342,301,(-85,)][340,297,(122,)][358,282,(-155,)][350,266,(155,)][344,252,(-160,)][343,239,(133,)][344,240,(-175,)][345,232,(134,)][340,244,(-171,)][342,233,(118,)][343,245,(-157,)][343,237,(125,)][348,220,(-59,)][342,218,(59,)][355,157,(-95,)][310,168,(17,)][394,111,(-63,)][308,104,(25,)][401,107,(-62,)][312,91,(22,)][380,85,(-114,)][285,88,(-18,)]
[320,309,(11,)][320,315,(-2,)][321,315,(-2,)][321,316,(-2,)][320,314,(19,)][320,314,(19,)][320,314,(19,)][326,316,(-31,)][325,315,(63,)][323,307,(0,)][323,306,(29,)][346,300,(-85,)][341,294,(120,)][360,281,(-161,)][348,263,(155,)][346,253,(-196,)][344,232,(132,)][347,240,(-215,)][349,221,(131,)][343,243,(-208,)][346,222,(109,)][343,247,(-193,)][346,225,(120,)][350,217,(-60,)][345,215,(60,)][359,154,(-96,)][310,168,(19,)][399,105,(-80,)][314,104,(26,)][406,99,(-80,)][319,91,(24,)][381,85,(-136,)][291,88,(-15,)]
[321,307,(18,)][323,313,(4,)][323,313,(4,)][324,314,(4,)][322,312,(25,)][322,312,(25,)][322,312,(25,)][329,314,(-30,)][328,313,(65,)][325,304,(7,)][324,304,(35,)][345,299,(-85,)][345,292,(121,)][360,277,(-135,)][358,262,(155,)][346,249,(-124,)][347,237,(141,)][347,240,(-136,)][348,229,(143,)][345,241,(-132,)][346,230,(127,)][344,243,(-121,)][345,233,(133,)][351,215,(-64,)][346,213,(64,)][362,152,(-99,)][310,168,(15,)][401,101,(-92,)][322,104,(26,)][408,93,(-93,)][329,92,(24,)][378,84,(-142,)][301,88,(-15,)]
[323,305,(18,)][324,311,(4,)][325,312,(4,)][325,312,(4,)][323,311,(24,)][323,311,(24,)][323,311,(24,)][330,312,(-29,)][328,311,(64,)][326,303,(7,)][325,302,(34,)][345,297,(-85,)][344,289,(120,)][361,274,(-132,)][358,259,(155,)][346,250,(-121,)][347,239,(142,)][347,241,(-134,)][348,232,(145,)][346,241,(-128,)][346,233,(130,)][345,245,(-118,)][346,236,(134,)][352,215,(-65,)][347,213,(65,)][362,151,(-101,)][311,167,(11,)][401,100,(-98,)][331,107,(25,)][408,91,(-99,)][338,97,(25,)][377,84,(-146,)][311,88,(-6,)]
[322,304,(17,)][324,310,(3,)][324,311,(3,)][325,311,(3,)][323,309,(24,)][323,309,(24,)][323,309,(24,)][329,311,(-30,)][328,310,(62,)][326,302,(6,)][325,301,(33,)][345,295,(-87,)][344,287,(118,)][359,270,(-135,)][356,257,(145,)][346,246,(-129,)][348,240,(120,)][347,235,(-143,)][347,233,(121,)][345,237,(-137,)][346,234,(105,)][345,241,(-126,)][345,237,(111,)][353,215,(-65,)][348,213,(65,)][363,152,(-104,)][313,167,(14,)][402,99,(-105,)][339,108,(28,)][409,90,(-106,)][346,99,(28,)][378,85,(-157,)][321,89,(1,)]
[321,304,(11,)][323,310,(-1,)][323,311,(-2,)][324,311,(-2,)][322,309,(18,)][322,309,(18,)][322,309,(18,)][328,311,(-33,)][327,310,(57,)][325,302,(1,)][324,302,(28,)][345,294,(-88,)][343,287,(114,)][359,270,(-136,)][356,257,(143,)][347,247,(-136,)][348,240,(118,)][346,238,(-149,)][348,234,(119,)][345,240,(-142,)][345,234,(104,)][345,243,(-132,)][345,238,(109,)][353,215,(-65,)][348,213,(65,)][363,152,(-101,)][317,165,(10,)][400,100,(-97,)][345,108,(25,)][408,92,(-98,)][351,98,(25,)][379,85,(-147,)][326,89,(-1,)]
[321,305,(18,)][322,311,(5,)][323,311,(5,)][323,312,(5,)][322,310,(25,)][322,310,(25,)][322,310,(25,)][328,312,(-28,)][327,311,(62,)][324,303,(7,)][323,302,(34,)][344,294,(-87,)][342,287,(120,)][359,278,(-165,)][356,260,(171,)][346,248,(-197,)][346,244,(177,)][344,238,(-216,)][347,235,(182,)][342,242,(-207,)][344,235,(166,)][342,244,(-193,)][344,239,(169,)][353,217,(-65,)][348,215,(65,)][359,152,(-101,)][322,164,(7,)][396,101,(-98,)][348,106,(14,)][405,96,(-99,)][353,97,(12,)][379,85,(-143,)][328,89,(-19,)]
[320,306,(26,)][320,311,(14,)][320,312,(13,)][320,312,(13,)][320,311,(33,)][320,311,(33,)][321,311,(33,)][325,312,(-19,)][326,311,(70,)][323,303,(16,)][323,303,(42,)][343,295,(-84,)][341,290,(126,)][359,278,(-160,)][355,261,(180,)][344,249,(-180,)][346,248,(191,)][339,240,(-197,)][343,239,(199,)][335,242,(-188,)][340,241,(184,)][337,245,(-175,)][341,243,(184,)][353,220,(-64,)][348,217,(64,)][352,155,(-97,)][329,163,(17,)][393,106,(-96,)][350,103,(17,)][401,103,(-96,)][356,95,(15,)][381,86,(-135,)][330,89,(-17,)]
[318,306,(39,)][317,312,(28,)][317,312,(28,)][318,312,(28,)][318,311,(47,)][318,311,(47,)][318,311,(47,)][321,313,(-3,)][323,313,(80,)][321,304,(29,)][322,304,(53,)][340,299,(-72,)][341,296,(135,)][359,278,(-144,)][352,261,(176,)][337,249,(-163,)][341,249,(170,)][331,241,(-180,)][331,239,(175,)][328,243,(-168,)][328,241,(160,)][329,246,(-156,)][329,243,(162,)][352,221,(-64,)][350,218,(64,)][339,158,(-88,)][337,162,(28,)][373,109,(-95,)][357,104,(19,)][385,105,(-95,)][365,95,(17,)][359,85,(-127,)][334,87,(-15,)]
[317,308,(46,)][316,313,(35,)][316,313,(35,)][316,314,(35,)][316,312,(53,)][316,312,(53,)][317,313,(53,)][320,315,(2,)][321,314,(84,)][320,306,(36,)][321,305,(60,)][339,301,(-64,)][339,298,(139,)][356,277,(-132,)][349,263,(213,)][331,254,(-141,)][333,253,(264,)][324,248,(-154,)][324,250,(279,)][321,251,(-145,)][323,251,(266,)][323,252,(-135,)][322,253,(259,)][352,223,(-64,)][350,221,(64,)][331,161,(-84,)][335,162,(49,)][363,110,(-94,)][359,108,(43,)][379,104,(-93,)][368,99,(41,)][351,86,(-107,)][334,87,(22,)]
[314,308,(40,)][313,313,(28,)][313,314,(28,)][314,314,(28,)][313,313,(46,)][313,313,(46,)][314,313,(46,)][318,316,(-2,)][318,315,(80,)][318,307,(30,)][318,306,(54,)][339,302,(-64,)][336,298,(134,)][352,276,(-152,)][347,262,(190,)][325,259,(-198,)][333,252,(202,)][318,254,(-217,)][328,247,(211,)][316,258,(-203,)][325,248,(197,)][318,259,(-191,)][326,250,(196,)][350,223,(-64,)][349,221,(64,)][326,166,(-85,)][332,166,(45,)][364,121,(-80,)][356,109,(44,)][377,125,(-77,)][365,102,(42,)][355,97,(-88,)][334,87,(18,)]
[314,311,(42,)][313,316,(32,)][313,316,(32,)][314,317,(32,)][313,315,(49,)][313,315,(49,)][313,316,(49,)][318,318,(9,)][318,317,(88,)][317,309,(36,)][317,308,(59,)][339,303,(-43,)][335,299,(137,)][346,273,(-121,)][339,263,(145,)][323,266,(-146,)][327,257,(87,)][315,264,(-162,)][323,254,(87,)][314,267,(-150,)][322,257,(77,)][317,268,(-140,)][323,258,(81,)][349,224,(-64,)][349,222,(64,)][323,173,(-86,)][331,168,(45,)][356,132,(-82,)][354,108,(45,)][370,134,(-79,)][360,97,(43,)][347,100,(-89,)][335,88,(17,)]
[313,318,(38,)][313,323,(30,)][314,324,(30,)][314,324,(30,)][313,323,(46,)][313,323,(46,)][313,323,(46,)][319,324,(27,)][317,322,(93,)][317,316,(36,)][315,314,(56,)][339,306,(-16,)][329,300,(149,)][345,273,(-90,)][336,263,(148,)][320,276,(-124,)][331,254,(78,)][313,276,(-142,)][326,250,(75,)][312,279,(-130,)][327,253,(63,)][314,280,(-118,)][329,256,(71,)][348,229,(-61,)][345,226,(61,)][320,180,(-92,)][331,168,(41,)][355,141,(-71,)][351,102,(44,)][365,136,(-67,)][358,90,(42,)][350,112,(-73,)][331,87,(7,)]
[314,322,(2,)][314,328,(1,)][314,328,(1,)][314,329,(0,)][313,327,(11,)][313,327,(11,)][313,327,(11,)][319,328,(14,)][316,327,(65,)][317,319,(10,)][315,318,(23,)][339,309,(-23,)][323,303,(128,)][341,277,(-111,)][330,273,(154,)][316,291,(-171,)][328,264,(117,)][310,290,(-191,)][322,257,(119,)][309,294,(-181,)][328,258,(103,)][312,294,(-168,)][324,262,(107,)][346,233,(-59,)][342,230,(59,)][315,184,(-92,)][331,170,(38,)][346,136,(-70,)][351,104,(43,)][357,133,(-66,)][357,91,(41,)][342,112,(-73,)][330,90,(7,)]
[315,325,(-59,)][316,331,(-59,)][317,331,(-59,)][318,332,(-59,)][313,330,(-50,)][313,330,(-50,)][313,330,(-50,)][322,332,(-21,)][315,330,(16,)][318,322,(-43,)][315,321,(-32,)][339,311,(-39,)][315,306,(92,)][336,280,(-113,)][319,276,(51,)][315,302,(-155,)][314,280,(-70,)][310,305,(-172,)][311,280,(-83,)][311,307,(-173,)][312,283,(-89,)][313,306,(-156,)][314,283,(-76,)][344,234,(-56,)][340,232,(56,)][314,182,(-92,)][333,170,(37,)][340,134,(-73,)][350,104,(47,)][348,122,(-71,)][356,92,(44,)][326,111,(-96,)][330,92,(6,)]
[316,328,(-58,)][317,334,(-58,)][318,335,(-58,)][319,335,(-58,)][314,334,(-48,)][314,334,(-48,)][313,335,(-48,)][322,335,(-23,)][315,334,(16,)][318,325,(-43,)][315,325,(-32,)][339,313,(-43,)][316,309,(85,)][330,284,(-97,)][314,278,(15,)][315,309,(-112,)][316,293,(-127,)][310,314,(-124,)][315,296,(-144,)][312,316,(-122,)][316,300,(-144,)][313,315,(-110,)][316,299,(-132,)][341,235,(-54,)][339,232,(54,)][313,182,(-82,)][334,169,(38,)][331,125,(-64,)][351,104,(49,)][338,113,(-63,)][357,91,(47,)][316,105,(-97,)][329,91,(6,)]
[316,329,(-36,)][317,335,(-42,)][318,336,(-42,)][319,336,(-42,)][314,335,(-28,)][314,335,(-28,)][313,336,(-28,)][322,336,(-41,)][316,336,(24,)][318,327,(-33,)][316,326,(-14,)][339,314,(-72,)][320,308,(87,)][325,300,(-136,)][311,278,(47,)][304,320,(-121,)][302,301,(-71,)][300,321,(-140,)][299,305,(-85,)][300,322,(-124,)][299,308,(-88,)][302,321,(-114,)][303,307,(-77,)][340,235,(-55,)][338,232,(55,)][316,179,(-77,)][333,169,(50,)][321,116,(-66,)][350,104,(54,)][327,107,(-66,)][357,92,(52,)][302,96,(-101,)][324,91,(17,)]
[315,328,(-21,)][317,333,(-29,)][318,334,(-29,)][319,334,(-29,)][314,333,(-13,)][314,333,(-13,)][314,333,(-13,)][322,335,(-39,)][316,333,(34,)][318,325,(-21,)][315,325,(0,)][340,314,(-75,)][322,306,(91,)][323,300,(-152,)][301,279,(75,)][301,323,(-170,)][293,305,(-15,)][296,324,(-188,)][290,310,(-24,)][296,326,(-179,)][291,312,(-29,)][298,321,(-166,)][294,311,(-20,)][338,234,(-56,)][336,231,(56,)][318,174,(-79,)][332,169,(55,)][310,110,(-85,)][351,104,(56,)][315,103,(-88,)][358,92,(55,)][291,91,(-137,)][326,91,(21,)]
[314,326,(-18,)][316,332,(-27,)][316,332,(-27,)][317,333,(-27,)][314,332,(-10,)][314,332,(-10,)][313,332,(-10,)][322,333,(-44,)][317,332,(33,)][317,324,(-21,)][315,323,(0,)][339,313,(-82,)][323,305,(88,)][314,299,(-154,)][298,279,(90,)][293,321,(-174,)][287,305,(-13,)][288,322,(-192,)][284,309,(-8,)][290,323,(-186,)][285,310,(-25,)][292,320,(-171,)][287,309,(-15,)][336,233,(-56,)][334,231,(56,)][319,165,(-73,)][332,169,(69,)][301,105,(-83,)][352,104,(83,)][304,96,(-85,)][358,92,(83,)][282,90,(-134,)][329,92,(53,)]
[313,326,(-15,)][315,331,(-24,)][316,331,(-24,)][317,332,(-24,)][313,331,(-7,)][313,331,(-7,)][313,331,(-7,)][322,332,(-36,)][317,331,(38,)][316,323,(-18,)][314,322,(3,)][339,310,(-79,)][320,300,(93,)][318,308,(-168,)][292,277,(93,)][295,322,(-206,)][281,300,(17,)][288,322,(-226,)][278,304,(15,)][288,324,(-220,)][279,305,(15,)][291,323,(-204,)][282,305,(18,)][334,230,(-57,)][331,228,(57,)][315,161,(-73,)][327,163,(65,)][299,105,(-82,)][352,104,(74,)][300,94,(-85,)][359,92,(73,)][279,89,(-136,)][329,91,(42,)]
[312,324,(-25,)][314,328,(-32,)][315,329,(-32,)][316,329,(-32,)][313,328,(-16,)][312,328,(-16,)][312,328,(-16,)][321,330,(-41,)][316,328,(31,)][315,321,(-26,)][313,321,(-5,)][336,307,(-82,)][319,298,(89,)][319,301,(-177,)][291,277,(88,)][297,316,(-224,)][280,295,(11,)][289,318,(-245,)][276,298,(3,)][289,321,(-238,)][278,300,(0,)][292,318,(-222,)][280,300,(7,)][331,226,(-58,)][329,225,(58,)][309,161,(-71,)][324,160,(62,)][297,104,(-74,)][352,104,(71,)][300,93,(-77,)][359,92,(70,)][276,88,(-128,)][330,91,(38,)]
[311,322,(-33,)][312,326,(-43,)][313,326,(-43,)][313,327,(-43,)][311,326,(-27,)][311,326,(-27,)][311,326,(-27,)][317,326,(-57,)][315,326,(14,)][313,318,(-35,)][312,318,(-15,)][330,302,(-93,)][320,298,(76,)][317,290,(-191,)][298,277,(112,)][295,312,(-250,)][286,292,(94,)][287,313,(-273,)][280,294,(95,)][288,316,(-265,)][281,296,(84,)][291,314,(-248,)][285,296,(88,)][327,225,(-58,)][327,224,(58,)][307,161,(-63,)][321,159,(61,)][297,105,(-54,)][352,104,(72,)][300,94,(-55,)][359,92,(71,)][277,89,(-99,)][330,91,(40,)]
[306,320,(-28,)][307,325,(-42,)][308,325,(-42,)][309,326,(-42,)][307,325,(-26,)][307,325,(-26,)][307,325,(-26,)][313,325,(-45,)][312,325,(25,)][308,317,(-30,)][307,316,(-9,)][328,301,(-84,)][318,297,(83,)][318,280,(-173,)][302,267,(111,)][295,303,(-219,)][291,276,(78,)][287,308,(-239,)][286,278,(76,)][288,312,(-229,)][287,281,(66,)][290,310,(-215,)][289,280,(72,)][325,224,(-58,)][324,223,(58,)][305,161,(-59,)][314,160,(61,)][297,103,(-53,)][351,106,(71,)][299,94,(-54,)][358,97,(71,)][279,88,(-98,)][330,91,(42,)]
[301,320,(-14,)][302,325,(-24,)][303,325,(-24,)][304,326,(-24,)][302,325,(-9,)][302,325,(-8,)][302,325,(-9,)][308,325,(-43,)][307,324,(29,)][303,317,(-20,)][302,316,(0,)][326,299,(-74,)][315,295,(80,)][320,263,(-105,)][305,258,(64,)][297,283,(-97,)][293,262,(-15,)][288,288,(-109,)][288,265,(-21,)][288,291,(-98,)][288,268,(-29,)][291,290,(-92,)][290,267,(-21,)][322,223,(-54,)][320,223,(54,)][301,161,(-55,)][307,161,(57,)][298,103,(-45,)][344,110,(69,)][300,93,(-45,)][352,105,(69,)][279,88,(-82,)][329,91,(42,)]
[297,318,(-1,)][299,323,(-11,)][299,323,(-11,)][300,323,(-11,)][298,322,(5,)][298,322,(5,)][298,322,(5,)][304,322,(-35,)][302,322,(42,)][300,315,(-8,)][299,314,(13,)][322,297,(-69,)][314,294,(84,)][324,260,(-110,)][311,257,(77,)][297,270,(-107,)][295,253,(-1,)][288,272,(-121,)][291,253,(-6,)][288,277,(-105,)][289,257,(-18,)][291,276,(-100,)][292,258,(-8,)][320,222,(-55,)][318,222,(55,)][296,162,(-60,)][300,166,(57,)][298,103,(-51,)][326,112,(74,)][301,94,(-51,)][333,107,(75,)][280,88,(-86,)][318,93,(51,)]
[295,316,(-1,)][296,321,(-12,)][296,322,(-12,)][296,322,(-12,)][295,321,(5,)][295,321,(5,)][295,321,(5,)][300,321,(-39,)][299,321,(42,)][297,313,(-9,)][296,313,(13,)][317,295,(-80,)][312,294,(93,)][331,256,(-128,)][317,255,(109,)][299,259,(-146,)][302,246,(55,)][289,259,(-169,)][296,244,(54,)][290,264,(-127,)][293,246,(37,)][293,263,(-120,)][294,246,(46,)][317,218,(-62,)][316,219,(62,)][292,162,(-66,)][295,167,(56,)][301,102,(-55,)][320,114,(82,)][306,93,(-55,)][327,109,(83,)][283,86,(-86,)][308,93,(63,)]
[294,315,(11,)][294,320,(0,)][294,320,(0,)][295,320,(0,)][294,320,(19,)][294,320,(19,)][294,320,(19,)][297,319,(-28,)][297,319,(55,)][296,311,(2,)][295,311,(26,)][314,293,(-78,)][308,293,(109,)][334,255,(-134,)][316,255,(121,)][302,251,(-154,)][303,244,(66,)][293,249,(-174,)][297,239,(65,)][291,254,(-152,)][293,242,(49,)][294,254,(-143,)][294,243,(58,)][314,219,(-65,)][312,219,(65,)][287,162,(-80,)][291,168,(51,)][302,102,(-72,)][314,116,(77,)][308,95,(-72,)][319,111,(77,)][284,86,(-94,)][298,94,(58,)]
[290,313,(12,)][290,318,(1,)][290,318,(1,)][290,319,(1,)][290,318,(19,)][291,319,(19,)][291,319,(19,)][293,317,(-24,)][294,318,(54,)][292,309,(4,)][292,309,(27,)][310,293,(-68,)][308,292,(104,)][333,256,(-111,)][319,255,(102,)][303,250,(-102,)][305,245,(48,)][295,249,(-114,)][299,241,(53,)][294,252,(-95,)][297,244,(36,)][296,252,(-93,)][298,246,(40,)][311,219,(-64,)][312,220,(64,)][282,164,(-80,)][286,169,(48,)][302,104,(-70,)][305,116,(75,)][308,102,(-70,)][311,111,(75,)][284,87,(-90,)][287,95,(55,)]
[289,314,(10,)][289,318,(0,)][289,319,(0,)][289,319,(0,)][289,318,(18,)][290,319,(18,)][290,319,(18,)][292,318,(-23,)][294,318,(55,)][291,310,(3,)][291,310,(26,)][311,293,(-62,)][305,292,(105,)][337,259,(-98,)][318,256,(97,)][304,254,(-79,)][303,247,(25,)][297,252,(-90,)][299,244,(22,)][296,257,(-74,)][296,247,(9,)][298,257,(-71,)][297,248,(18,)][309,220,(-64,)][308,220,(64,)][280,165,(-79,)][283,170,(41,)][300,106,(-66,)][300,116,(67,)][307,102,(-64,)][306,110,(67,)][284,88,(-88,)][283,94,(47,)]
[289,314,(-20,)][290,319,(-28,)][290,319,(-28,)][291,319,(-28,)][289,318,(-12,)][289,318,(-12,)][289,318,(-12,)][295,318,(-32,)][291,318,(36,)][292,310,(-20,)][290,310,(0,)][314,294,(-61,)][293,292,(99,)][339,261,(-110,)][304,258,(90,)][307,260,(-89,)][298,247,(-1,)][300,257,(-123,)][296,243,(-12,)][299,262,(-127,)][292,246,(-25,)][301,263,(-97,)][293,248,(-10,)][311,220,(-59,)][299,220,(59,)][286,165,(-85,)][276,171,(10,)][298,105,(-75,)][296,114,(36,)][304,97,(-76,)][301,105,(36,)][284,87,(-125,)][283,94,(1,)]
[290,315,(-75,)][291,320,(-75,)][292,320,(-75,)][293,321,(-75,)][289,320,(-64,)][289,320,(-64,)][289,319,(-64,)][296,320,(-44,)][291,318,(2,)][293,312,(-62,)][291,312,(-48,)][315,295,(-54,)][286,292,(71,)][342,262,(-123,)][283,264,(41,)][312,262,(-216,)][285,254,(-84,)][305,261,(-243,)][287,245,(-103,)][304,265,(-236,)][287,248,(-113,)][306,264,(-214,)][288,253,(-92,)][310,220,(-51,)][293,220,(51,)][287,165,(-84,)][273,171,(7,)][297,106,(-53,)][291,113,(48,)][301,96,(-54,)][296,104,(48,)][283,87,(-117,)][275,94,(3,)]
[290,320,(-44,)][291,324,(-48,)][291,324,(-48,)][292,324,(-48,)][290,324,(-35,)][290,324,(-35,)][290,324,(-35,)][294,322,(-41,)][292,322,(16,)][293,316,(-39,)][291,316,(-23,)][312,296,(-54,)][287,294,(71,)][341,267,(-124,)][283,268,(27,)][310,272,(-192,)][289,266,(-81,)][304,272,(-213,)][289,262,(-96,)][303,275,(-206,)][288,266,(-101,)][304,274,(-190,)][289,267,(-86,)][306,221,(-50,)][294,220,(50,)][289,165,(-81,)][277,171,(21,)][294,106,(-56,)][288,113,(52,)][298,96,(-57,)][293,102,(51,)][276,88,(-117,)][268,95,(8,)]
[291,321,(-59,)][292,326,(-62,)][292,326,(-62,)][292,326,(-62,)][291,326,(-52,)][291,326,(-52,)][291,326,(-52,)][294,324,(-47,)][293,323,(-1,)][293,317,(-52,)][292,317,(-39,)][313,296,(-57,)][283,294,(50,)][338,269,(-124,)][275,267,(-7,)][310,277,(-189,)][288,271,(-119,)][304,277,(-209,)][290,271,(-135,)][302,283,(-204,)][289,276,(-135,)][305,279,(-188,)][290,275,(-122,)][303,221,(-47,)][292,220,(47,)][290,164,(-75,)][277,169,(42,)][291,106,(-56,)][284,112,(87,)][294,96,(-58,)][289,101,(87,)][272,89,(-123,)][265,95,(37,)]
[292,321,(-56,)][292,325,(-59,)][292,325,(-59,)][292,326,(-59,)][291,325,(-49,)][291,326,(-49,)][292,326,(-49,)][294,324,(-44,)][294,323,(0,)][294,317,(-49,)][293,317,(-36,)][313,295,(-52,)][282,293,(45,)][335,270,(-116,)][262,271,(-16,)][309,279,(-177,)][286,273,(-128,)][303,281,(-196,)][289,274,(-145,)][302,285,(-190,)][290,278,(-144,)][304,282,(-175,)][290,277,(-131,)][300,220,(-41,)][290,220,(42,)][289,163,(-53,)][278,165,(41,)][286,104,(-26,)][281,109,(83,)][289,95,(-28,)][284,100,(84,)][272,87,(-95,)][266,95,(36,)]
[292,319,(50,)][292,323,(31,)][292,323,(31,)][292,323,(31,)][292,323,(38,)][292,323,(38,)][293,323,(38,)][292,321,(-20,)][295,321,(9,)][293,314,(34,)][293,314,(42,)][284,292,(-54,)][308,291,(30,)][276,270,(-23,)][305,269,(26,)][294,279,(62,)][303,281,(43,)][296,283,(67,)][302,284,(47,)][298,284,(64,)][302,285,(47,)][299,282,(63,)][302,285,(43,)][295,218,(-39,)][290,218,(39,)][288,161,(-33,)][278,162,(47,)][285,104,(-19,)][278,109,(78,)][288,95,(-19,)][281,100,(77,)][272,87,(-54,)][265,95,(39,)]
[292,316,(79,)][291,320,(60,)][290,320,(60,)][289,320,(60,)][292,320,(63,)][293,320,(63,)][295,320,(63,)][288,316,(0,)][298,317,(12,)][292,311,(62,)][293,311,(65,)][277,288,(-28,)][315,289,(4,)][253,270,(39,)][339,269,(61,)][276,279,(154,)][322,280,(170,)][282,283,(169,)][319,281,(187,)][286,281,(165,)][316,282,(186,)][285,280,(156,)][317,282,(173,)][286,215,(-17,)][291,214,(17,)][276,160,(-5,)][286,160,(28,)][276,105,(-5,)][284,106,(24,)][278,97,(-4,)][285,98,(24,)][269,90,(-9,)][268,92,(12,)]
[292,313,(81,)][290,317,(61,)][289,317,(61,)][287,317,(61,)][292,317,(65,)][293,317,(65,)][295,317,(65,)][286,313,(-2,)][298,313,(13,)][290,308,(62,)][293,308,(66,)][275,285,(-39,)][316,286,(5,)][249,268,(24,)][342,268,(63,)][272,276,(139,)][325,277,(161,)][278,278,(153,)][324,278,(178,)][282,277,(150,)][322,280,(176,)][281,277,(141,)][322,279,(163,)][284,213,(-25,)][293,211,(25,)][273,158,(-15,)][290,158,(38,)][275,105,(-8,)][286,105,(43,)][278,97,(-6,)][287,96,(43,)][267,94,(-6,)][273,95,(39,)]
[291,312,(82,)][289,316,(62,)][287,315,(62,)][286,315,(62,)][292,316,(66,)][293,316,(66,)][295,316,(66,)][285,312,(0,)][298,313,(14,)][289,307,(63,)][293,308,(67,)][274,284,(-36,)][315,284,(5,)][251,264,(29,)][340,268,(60,)][271,272,(142,)][327,276,(145,)][276,274,(155,)][328,276,(159,)][280,274,(152,)][326,278,(158,)][280,274,(144,)][325,278,(147,)][283,212,(-25,)][294,210,(25,)][272,156,(-13,)][290,157,(42,)][274,104,(-2,)][286,103,(48,)][277,96,(0,)][287,94,(48,)][267,94,(-1,)][279,94,(45,)]
[290,310,(67,)][288,314,(48,)][288,314,(48,)][287,314,(48,)][291,314,(52,)][291,315,(52,)][293,315,(51,)][286,312,(-8,)][296,312,(5,)][289,306,(49,)][291,306,(54,)][274,285,(-45,)][313,284,(6,)][251,260,(10,)][334,264,(58,)][271,270,(120,)][319,270,(131,)][275,273,(131,)][328,275,(144,)][281,274,(127,)][319,273,(143,)][280,274,(121,)][318,273,(132,)][288,212,(-29,)][295,211,(29,)][276,157,(-27,)][288,158,(46,)][278,104,(-16,)][282,104,(52,)][281,96,(-15,)][284,95,(51,)][269,93,(-29,)][271,93,(44,)]
[288,311,(66,)][287,315,(52,)][286,315,(52,)][286,315,(52,)][288,315,(57,)][289,315,(57,)][289,315,(57,)][285,313,(10,)][292,313,(30,)][288,306,(54,)][289,306,(60,)][277,284,(-37,)][310,285,(37,)][274,255,(-57,)][309,258,(1,)][280,267,(-40,)][304,267,(-55,)][281,271,(-45,)][306,271,(-60,)][285,273,(-39,)][303,271,(-59,)][285,272,(-37,)][303,271,(-57,)][290,212,(-35,)][292,213,(35,)][277,158,(-30,)][285,160,(46,)][280,104,(-25,)][282,104,(53,)][283,96,(-26,)][285,95,(52,)][268,93,(-55,)][269,94,(32,)]
[286,311,(99,)][284,315,(81,)][284,315,(81,)][283,315,(81,)][287,315,(84,)][287,316,(84,)][288,316,(84,)][283,313,(22,)][291,314,(34,)][286,307,(81,)][288,307,(85,)][277,285,(-24,)][311,287,(37,)][266,252,(19,)][332,260,(33,)][281,261,(116,)][305,264,(75,)][282,264,(125,)][305,267,(85,)][285,266,(127,)][302,267,(86,)][286,267,(119,)][302,266,(76,)][290,213,(-36,)][296,213,(36,)][274,160,(-32,)][288,161,(45,)][278,104,(-25,)][283,105,(50,)][282,96,(-24,)][285,94,(50,)][265,93,(-37,)][271,95,(32,)]
[284,312,(77,)][282,315,(62,)][282,315,(62,)][281,315,(62,)][285,316,(68,)][285,316,(68,)][286,316,(68,)][281,314,(15,)][290,314,(38,)][285,307,(62,)][287,307,(69,)][278,285,(-28,)][310,288,(46,)][300,254,(-70,)][331,260,(12,)][299,259,(-96,)][307,260,(-50,)][295,260,(-110,)][308,260,(-58,)][295,263,(-102,)][304,261,(-63,)][298,264,(-94,)][304,262,(-54,)][290,214,(-41,)][297,214,(41,)][275,162,(-36,)][288,162,(47,)][278,105,(-23,)][284,105,(63,)][283,98,(-21,)][288,95,(63,)][266,93,(-40,)][272,95,(32,)]
[283,312,(39,)][281,315,(27,)][280,315,(27,)][280,315,(27,)][283,316,(34,)][284,316,(34,)][285,316,(34,)][280,314,(-9,)][288,314,(25,)][283,307,(27,)][285,307,(37,)][280,285,(-46,)][308,287,(41,)][312,256,(-99,)][314,261,(-1,)][305,256,(-135,)][307,258,(-79,)][305,256,(-150,)][306,257,(-90,)][301,260,(-147,)][303,259,(-95,)][303,260,(-135,)][303,260,(-84,)][292,215,(-46,)][298,214,(46,)][275,163,(-51,)][288,163,(52,)][278,105,(-44,)][286,106,(64,)][284,98,(-45,)][289,96,(63,)][267,91,(-82,)][273,95,(28,)]
[282,311,(53,)][281,315,(41,)][280,315,(41,)][280,315,(41,)][282,315,(48,)][283,315,(48,)][284,316,(48,)][281,313,(3,)][288,314,(35,)][283,307,(41,)][285,307,(50,)][281,285,(-32,)][308,287,(48,)][308,256,(-67,)][320,260,(10,)][304,255,(-81,)][320,256,(-60,)][306,251,(-93,)][321,253,(-71,)][306,255,(-92,)][319,255,(-75,)][307,256,(-81,)][318,257,(-65,)][292,218,(-46,)][301,216,(46,)][275,166,(-60,)][289,165,(52,)][279,105,(-61,)][288,106,(50,)][286,99,(-62,)][292,96,(47,)][267,89,(-97,)][273,94,(10,)]
[282,310,(-34,)][281,314,(-39,)][281,314,(-39,)][281,314,(-39,)][282,313,(-26,)][282,314,(-26,)][282,314,(-26,)][282,313,(-39,)][285,313,(23,)][284,306,(-32,)][284,306,(-14,)][304,286,(-59,)][293,287,(70,)][320,255,(-104,)][288,259,(61,)][302,248,(-128,)][293,245,(-21,)][292,245,(-143,)][281,241,(-28,)][292,250,(-136,)][281,244,(-39,)][294,250,(-124,)][282,246,(-27,)][301,220,(-53,)][298,218,(53,)][275,167,(-81,)][285,166,(52,)][286,106,(-77,)][289,107,(49,)][292,99,(-77,)][292,96,(47,)][269,89,(-121,)][273,94,(11,)]
[283,310,(10,)][282,314,(-29,)][282,314,(-29,)][281,314,(-29,)][283,314,(15,)][283,314,(15,)][283,314,(15,)][284,313,(8,)][286,313,(74,)][284,306,(-17,)][285,306,(30,)][305,286,(-27,)][295,287,(117,)][317,255,(-87,)][292,258,(80,)][299,249,(-119,)][286,245,(-24,)][287,248,(-136,)][282,240,(-35,)][287,252,(-126,)][282,243,(-44,)][290,252,(-115,)][283,245,(-31,)][301,220,(-58,)][298,219,(57,)][276,166,(-94,)][283,167,(27,)][289,106,(-107,)][289,109,(25,)][295,99,(-110,)][293,100,(23,)][272,87,(-152,)][273,94,(-10,)]
[284,310,(129,)][283,314,(115,)][282,314,(115,)][281,314,(115,)][284,314,(126,)][285,314,(126,)][286,314,(126,)][284,313,(73,)][289,313,(116,)][285,307,(114,)][287,306,(127,)][295,290,(8,)][303,287,(130,)][312,255,(-77,)][299,260,(80,)][293,252,(-128,)][291,249,(-18,)][287,251,(-148,)][281,245,(-29,)][286,256,(-138,)][281,247,(-37,)][289,256,(-125,)][281,249,(-25,)][300,220,(-56,)][303,220,(56,)][276,167,(-76,)][283,169,(31,)][292,106,(-96,)][291,109,(21,)][298,99,(-100,)][295,100,(17,)][277,87,(-131,)][277,94,(-15,)]
[286,312,(99,)][284,316,(86,)][284,316,(86,)][283,316,(86,)][286,316,(98,)][287,316,(98,)][288,316,(98,)][284,315,(44,)][291,315,(94,)][286,308,(85,)][288,308,(99,)][294,291,(-14,)][305,291,(117,)][308,256,(-92,)][300,264,(72,)][291,254,(-131,)][280,253,(-22,)][284,253,(-149,)][274,250,(-31,)][283,257,(-138,)][273,252,(-39,)][286,257,(-128,)][274,253,(-29,)][300,222,(-55,)][304,223,(55,)][278,167,(-71,)][283,171,(34,)][294,106,(-84,)][294,110,(30,)][300,99,(-86,)][300,102,(27,)][278,88,(-124,)][282,96,(-4,)]
[289,315,(115,)][287,320,(100,)][287,320,(100,)][286,319,(100,)][289,320,(108,)][290,320,(108,)][291,321,(108,)][286,318,(49,)][294,319,(82,)][288,311,(99,)][290,311,(108,)][288,292,(-13,)][305,295,(94,)][305,259,(-91,)][302,269,(36,)][291,255,(-147,)][285,257,(-65,)][285,253,(-169,)][280,252,(-77,)][285,258,(-159,)][278,253,(-85,)][288,258,(-145,)][279,254,(-71,)][299,223,(-51,)][304,223,(51,)][280,167,(-63,)][286,175,(45,)][297,107,(-75,)][305,132,(39,)][302,100,(-77,)][310,125,(35,)][280,90,(-111,)][298,120,(5,)]
[291,320,(124,)][290,324,(107,)][289,324,(107,)][288,324,(107,)][293,324,(114,)][294,325,(114,)][295,325,(114,)][287,322,(48,)][297,323,(79,)][290,316,(105,)][293,316,(114,)][284,296,(-17,)][305,298,(88,)][294,265,(-84,)][303,277,(21,)][288,254,(-122,)][288,262,(-85,)][286,249,(-141,)][284,257,(-100,)][286,252,(-137,)][283,258,(-105,)][288,254,(-122,)][283,260,(-91,)][294,225,(-49,)][302,224,(49,)][281,167,(-54,)][286,174,(49,)][297,107,(-59,)][302,121,(48,)][302,99,(-61,)][306,114,(45,)][280,91,(-97,)][290,112,(9,)]
[292,323,(106,)][292,326,(104,)][291,326,(104,)][291,326,(103,)][294,327,(93,)][295,327,(93,)][296,327,(93,)][291,324,(20,)][298,325,(71,)][291,318,(87,)][293,318,(99,)][285,297,(-47,)][305,299,(89,)][296,268,(-90,)][303,275,(87,)][291,251,(-108,)][289,265,(57,)][291,245,(-124,)][289,262,(56,)][290,247,(-120,)][287,264,(46,)][292,249,(-108,)][286,265,(51,)][294,225,(-54,)][300,223,(54,)][281,167,(-59,)][287,173,(53,)][298,106,(-72,)][302,117,(49,)][304,97,(-74,)][308,108,(46,)][279,91,(-113,)][290,106,(13,)]
